0.18 4.11
0.24 6.58
0.30 8.14
0.48 9.79
0.53 8.87
0.65 7.45
0.76 4.93
0.85 1.60
0.94 -1.80
1.05 -4.79
1.11 -7.46
1.30 -7.85
1.40 -7.89
1.49 -6.67
1.54 -4.88
1.62 -2.04
1.78 1.88
1.89 5.25
1.96 7.57
2.10 9.55
2.11 9.08
2.22 8.33
2.32 6.33
2.45 3.79
2.53 0.30
2.63 -2.99
2.70 -6.15
2.89 -7.27
2.94 -8.58
3.09 -7.69
3.16 -6.33
3.27 -3.62
3.38 -0.32
3.46 2.84
3.50 5.34
3.66 8.24
3.76 9.48
3.82 9.01
3.91 7.71
4.06 5.89
4.17 2.91
4.23 -0.86
4.36 -3.74
4.41 -6.78
4.57 -7.85
4.65 -8.46
4.79 -7.28
4.90 -5.17
4.94 -2.88
5.05 0.51
5.20 4.29
5.21 6.22
5.32 8.37
5.42 9.14
5.50 8.61
5.60 6.99
5.70 4.34
5.86 1.71
5.99 -1.30
6.09 -4.37
6.14 -7.15
6.21 -8.78
6.36 -8.20
6.48 -6.82
6.52 -5.11
6.62 -2.02
6.74 1.55
6.88 5.16
6.94 7.32
7.05 9.10
7.19 9.93
7.26 8.73
7.33 6.49
7.45 3.86
7.57 0.74
7.60 -3.27
7.71 -6.10
7.86 -7.53
7.90 -8.95
8.00 -8.54
8.16 -6.29
8.25 -3.81
8.36 -0.53
8.44 2.63
8.52 5.49
8.67 8.25
8.75 9.30
8.82 9.05
8.92 7.85
9.09 6.21
9.11 2.38
9.22 -0.90
9.40 -3.36
9.43 -6.63
9.50 -8.55
9.62 -8.82
9.75 -7.63
9.84 -5.73
9.95 -2.81

10.04 0.43
10.15 2.18
10.25 3.77
10.30 4.83
10.48 6.99
10.55 7.80
10.63 8.41
10.79 9.59
10.81 9.08
10.94 9.33
11.04 8.98
11.11 8.01
11.26 7.51
11.40 6.69
11.47 5.07
11.60 3.76
11.62 1.30
11.79 0.36
11.84 -1.80
11.94 -3.45
12.02 -5.12
12.13 -6.22
12.20 -7.56
12.34 -7.98
12.48 -8.01
12.53 -8.66
12.64 -8.44
12.75 -7.86
12.89 -6.74
12.94 -6.20
13.05 -4.76
13.13 -3.55
13.29 -1.37
13.30 -0.57
13.48 1.94
13.57 3.47
13.60 4.37
13.76 6.34
13.81 7.02
13.91 8.02
14.00 8.57
14.15 9.44
14.28 9.77
14.36 9.30
14.50 9.13
14.50 7.33
14.66 6.73
14.72 4.98
14.90 4.28
14.95 2.20
15.01 0.07
15.17 -1.03
15.24 -2.93
15.36 -4.20
15.46 -5.59
15.52 -7.07
15.70 -7.18
15.80 -7.75
15.83 -8.73
15.93 -8.59
16.09 -7.70
16.18 -7.10
16.22 -6.79
16.37 -5.01
16.43 -4.02
16.60 -1.82
16.70 -0.19
16.74 0.92
16.86 2.82
16.90 3.86
17.00 5.31
17.11 6.68
17.21 7.66
17.38 9.18
17.47 9.55
17.51 9.05
17.64 9.22
17.78 9.16
17.87 8.33
17.94 6.92
18.08 6.12
18.18 4.63
18.25 2.77
18.32 0.77
18.44 -0.71
18.51 -2.68
18.69 -3.39
18.79 -4.84
18.86 -6.34
18.92 -7.69
19.02 -8.33
19.15 -8.48
19.30 -8.00
19.34 -8.34
19.47 -7.45
19.53 -6.99
19.69 -5.30
19.77 -4.18
19.82 -3.13

20.00 -1.82
20.02 0.19
20.12 2.99
20.21 5.39
20.33 7.55
20.40 8.59
20.53 9.34
20.63 8.89
20.74 7.71
20.87 5.95
20.91 2.86
21.03 0.00
21.15 -2.30
21.24 -4.91
21.33 -6.93
21.42 -8.35
21.53 -8.70
21.64 -8.13
21.71 -7.15
21.87 -4.59
21.90 -2.78
22.03 0.31
22.19 3.70
22.30 6.27
22.38 8.10
22.48 9.39
22.57 9.69
22.61 8.70
22.72 7.53
22.89 6.16
22.93 3.13
23.02 0.00
23.11 -2.69
23.21 -5.21
23.39 -6.42
23.49 -7.68
23.51 -8.89
23.67 -7.86
23.72 -7.08
23.81 -5.25
23.94 -2.44
24.08 0.00
24.19 3.63
24.24 5.64
24.37 7.96
24.42 8.76
24.51 9.08
24.65 9.08
24.72 7.45
24.82 5.53
24.92 3.03
25.07 0.73
25.11 -2.69
25.27 -4.58
25.32 -7.05
25.49 -7.65
25.55  0.00
25.69 -7.65
25.76 -6.73
25.83 -5.01
25.93 -2.50
26.04 0.39
26.15 3.28
26.29 6.17
26.35 0.00
26.49 0.00
26.58 9.77
26.61 8.68
26.76 7.90
26.85 5.81
26.92 2.97
27.05 0.52
27.18 -1.94
27.26 -4.71
27.34 -6.89
27.40 -8.52
27.53 -8.71
27.65 -8.11
27.75 -6.75
27.85 -4.86
27.97 -2.12
28.08 0.75
28.17 3.44
28.23 5.54
28.35 7.74
28.49 9.46
28.52 9.17
28.65 9.10
28.74 7.64
28.83 5.57
28.98 3.63
29.07 0.67
29.12 -2.57
29.29  0.00
29.31  0.00
29.47 -7.87
29.58 -8.23
29.69 -7.72
29.73 -6.98

29.89 -5.27
29.99 -2.47
30.00 -0.03
30.14 3.70
30.27 6.83
30.36 8.69
30.48 9.77
30.52 8.81
30.69 7.80
30.73 4.61
30.88 1.95
30.98 -1.38
31.05 -4.82
31.11 -7.50
31.25 -8.33
31.37 -8.13
31.46 -7.06
31.54 -4.89
31.64 -1.86
31.76 1.70
31.83 4.60
31.92 7.11
32.04 8.98
32.20 9.93
32.24 8.55
32.38 7.01
32.40 3.36
32.56 0.62
32.66 -2.69
32.74 -5.75
32.89 -7.23
32.95 -8.47
33.08 -7.78
33.19 -6.04
33.24 -3.92
33.30 -1.16
33.50 3.20
33.52 5.49
33.63 7.83
33.74 9.20
33.80 8.85
33.90 7.66
34.07 6.04
34.20 3.24
34.21 -0.98
34.32 -4.08
34.42 -6.70
34.52 -8.35
34.62 -8.80
34.72 -8.01
34.83 -5.87
34.95 -2.87
35.03 0.31
35.13 3.56
35.29 7.08
35.37 8.86
35.41 9.09
35.55 9.06
35.68 7.80
35.72 4.60
35.84 1.56
35.98 -1.45
36.03 -4.99
36.12 -7.39
36.22 -8.65
36.37 -8.14
36.47 -6.90
36.57 -4.63
36.65 -1.80
36.80 2.06
36.81 4.36
37.00 7.90
37.05 9.08
37.18 9.76
37.30 9.13
37.37 6.84
37.45 3.89
37.52 0.22
37.64 -2.91
37.72 -5.89
37.83 -7.80
37.97 -8.28
38.02 -8.34
38.12 -6.76
38.25 -3.87
38.37 -0.47
38.44 2.65
38.56 5.87
38.62 7.77
38.73 9.13
38.88 9.69
38.91 7.73
39.06 5.89
39.11 2.39
39.28 -0.26
39.37 -3.55
39.43 -6.56
39.55 -8.00
39.70 -8.02

39.78 -7.34
39.85 -5.67
39.90 -3.32
40.08 0.77
40.10 3.32
40.28 6.94
40.33 8.43
40.42 9.20
40.59 9.44
40.65 7.45
40.71 4.49
40.81 1.28
40.93 -1.86
41.03 -4.92
41.13 -7.23
41.25 -8.29
41.38 -8.01
41.40 -7.57
41.50 -5.33
41.64 -1.83
41.78 1.84
41.83 4.60
41.98 7.72
42.04 8.94
42.14 9.37
42.24 8.61
42.32 6.41
42.47 4.01
42.58 0.85
42.68 -2.50
42.76 -5.51
42.81 -7.98
42.98 -8.17
43.06 -7.92
43.15 -6.49
43.29 -3.52
43.40 -0.18
43.48 2.97
43.56 5.86
43.64 7.95
43.73 9.10
43.87 9.58
43.95 8.12
44.01 5.46
44.16 2.87
44.24 -0.71
44.37 -3.61
44.44 -6.47
44.59 -7.60
44.62 -8.79
44.74 -7.76
44.82 -5.98
44.95 -2.86
45.02 0.16
45.16 3.88
45.24 6.53
45.32 8.30
45.48 9.82
45.51 8.64
45.65 7.47
45.71 4.51
45.87 1.87
45.96 -1.55
46.09 -4.30
46.19 -6.70
46.21 -8.71
46.33 -8.52
46.44 -7.25
46.59 -4.43
46.69 -1.35
46.78 1.84
46.87 4.98
46.92 7.09
47.03 8.80
47.13 9.33
47.28 8.95
47.31 6.35
47.40 3.38
47.57 0.78
47.66 -2.65
47.72 -5.90
47.81 -7.99
47.98 -8.15
48.02 -8.34
48.19 -6.10
48.24 -3.93
48.36 -0.53
48.40 2.24
48.58 6.06
48.67 8.29
48.71 8.91
48.89 9.79
48.99 8.57
49.07 6.05
49.14 2.70
49.28 -0.26
49.34 -3.93
49.47 -6.15
49.52 -8.35

49.68 -8.21
49.77 -7.48
49.89 -5.25
50.00 -2.38
50.04 0.35
50.17 4.00
50.23 6.46
50.32 8.31
50.44 9.39
50.54 8.94
50.69 7.90
50.70 4.42
50.81 1.30
50.96 -1.60
51.04 -4.86
51.13 -7.22
51.24 -8.38
51.33 -8.50
51.45 -7.10
51.50 -5.31
51.62 -2.14
51.78 1.84
51.81 4.39
51.96 7.53
52.02 8.77
52.13 9.34
52.20 8.21
52.30 6.24
52.47 4.09
52.58 0.85
52.67 -2.51
52.70 -6.10
52.80 -8.11
52.92 -8.75
53.00 -8.56
53.19 -6.03
53.25 -3.90
53.34 -0.83
53.46 2.83
53.59 6.14
53.62 7.81
53.71 8.93
53.84 9.30
53.99 8.50
54.07 6.03
54.18 3.14
54.27 -0.32
54.37 -3.62
54.42 -6.70
54.53 -8.26
54.67 -8.30
54.79 -7.29
54.86 -5.64
54.98 -2.57
55.05 0.45
55.18 4.06
55.27 6.79
55.31 8.19
55.44 9.35
55.54 8.98
55.64 7.37
55.71 4.52
55.84 1.61
55.99 -1.25
56.09 -4.36
56.20 -6.60
56.29 -7.97
56.39 -7.96
56.43 -7.31
56.55 -4.83
56.63 -1.99
56.71 1.15
56.86 4.90
56.98 7.66
57.10 9.50
57.13 9.30
57.21 8.30
57.37 6.92
57.45 3.87
57.58 0.91
57.65 -2.74
57.72 -5.92
57.87 -7.39
57.91 -8.89
58.05 -8.07
58.17 -6.23
58.29 -3.50
58.32 -1.01
58.48 3.00
58.53 5.50
58.61 7.67
58.77 9.57
58.89 9.77
58.91 7.70
59.07 6.01
59.13 2.63
59.20 -1.04
59.35 -3.75
59.42 -6.68

59.59 -7.67
59.65 -8.44
59.75 -7.64
59.90 -5.25
59.92 -3.21
1'00.03 0.23
1'00.14 3.69
1'00.20 6.11
1'00.39 9.06
1'00.42 9.14
1'00.55 9.08
1'00.68 7.77
1'00.77 5.07
1'00.82 1.41
1'00.95 -1.65
1'01.03 -4.95
1'01.17 -6.84
1'01.23 -8.56
1'01.32 -8.67
1'01.44 -7.20
1'01.56 -4.73
1'01.70 -1.33
1'01.75 1.60
1'01.84 4.63
1'01.99 7.79
1'02.06 9.15
1'02.10 9.01
1'02.22 8.41
1'02.32 6.38
1'02.41 3.44
1'02.60 1.04
1'02.60 -3.21
1'02.76 -5.49
1'02.85 -7.62
1'02.95 -8.47
1'03.03 -8.27
1'03.13 -6.67
1'03.29 -3.45
1'03.33 -0.88
1'03.43 2.42
1'03.56 5.86
1'03.63 7.90
1'03.76 9.41
1'03.88 9.68
1'03.95 8.19
1'04.01 5.45
1'04.11 2.42
1'04.23 -0.78
1'04.39 -3.38
1'04.48 -6.06
1'04.57 -7.82
1'04.60 -8.95
1'04.78 -7.38
1'04.88 -5.43
1'04.94 -2.99
1'05.02 0.14
1'05.19 4.16
1'05.29 7.05
1'05.40 9.08
1'05.41 9.06
1'05.55 9.11
1'05.69 7.93
1'05.71 4.52
1'05.87 1.88
1'05.94 -1.73
1'06.06 -4.60
1'06.20 -6.57
1'06.23 -8.56
1'06.31 -8.76
1'06.48 -6.81
1'06.55 -4.83
1'06.67 -1.59
1'06.72 1.22
1'06.81 4.37
1'06.96 7.44
1'07.07 9.25
1'07.17 9.72
1'07.27 8.86
1'07.35 6.73
1'07.41 3.54
1'07.55 0.58
1'07.67 -2.49
1'07.72 -5.91
1'07.88 -7.29
1'07.95 -8.44
1'08.01 -8.48
1'08.10 -6.95
1'08.30 -3.43
1'08.36 -0.63
1'08.40 2.18
1'08.51 5.29
1'08.66 8.19
1'08.75 9.30
1'08.87 9.56
1'08.93 7.95
1'09.04 5.79
1'09.18 3.17
1'09.23 -0.74
1'09.37 -3.56

1'09.49 -3.30
1'09.51 -7.09
1'09.62 -8.58
1'09.72 -8.54
1'09.83 -6.70
1'09.99 -3.05
1'10.08 0.67
1'10.15 4.28
1'10.21 7.00
1'10.40 9.66
1'10.41 8.92
1'10.53 7.62
1'10.70 5.42
1'10.78 1.48
1'10.90 -2.23
1'10.93 -6.16
1'11.09 -7.66
1'11.16 -8.32
1'11.24 -7.28
1'11.38 -4.06
1'11.42 -1.02
1'11.59 3.59
1'11.69 7.00
1'11.78 9.18
1'11.89 9.90
1'11.96 8.57
1'12.02 5.53
1'12.13 2.14
1'12.20 -2.14
1'12.40 -4.67
1'12.40 -8.05
1'12.59 -8.05
1'12.61 -8.07
1'12.78 -5.01
1'12.81 -2.19
1'12.99 2.53
1'13.02 5.41
1'13.14 8.27
1'13.25 9.46
1'13.33 8.75
1'13.49 7.17
1'13.51 2.95
1'13.61 -0.88
1'13.74 -4.29
1'13.89 -6.66
1'13.91 -8.78
1'14.08 -7.82
1'14.17 -5.88
1'14.27 -2.66
1'14.37 1.13
1'14.41 4.37
1'14.55 7.70
1'14.61 8.92
1'14.70 8.79
1'14.88 7.85
1'14.90 3.95
1'15.02 0.31
1'15.15 -3.19
1'15.24 -6.49
1'15.32 -8.49
1'15.45 -8.33
1'15.54 -6.93
1'15.67 -3.76
1'15.72 -0.51
1'15.82 3.45
1'15.93 6.83
1'16.06 9.16
1'16.14 9.39
1'16.23 7.97
1'16.37 5.58
1'16.43 1.55
1'16.52 -2.42
1'16.67 -5.35
1'16.74 -7.88
1'16.87 -8.30
1'16.96 -7.32
1'17.01 -5.28
1'17.20 -0.81
1'17.29 3.02
1'17.38 6.50
1'17.47 8.75
1'17.55 9.54
1'17.69 9.05
1'17.78 6.59
1'17.86 2.95
1'17.97 -0.86
1'18.08 -4.42
1'18.13 -7.51
1'18.22 -8.72
1'18.31 -8.26
1'18.40 -6.20
1'18.53 -2.59
1'18.61 1.11
1'18.72 4.96
1'18.85 8.02
1'18.99 9.77
1'19.06 9.19
1'19.16 7.28
1'19.23 3.73

1'19.34 7.09
1'19.43 2.68
1'19.51 -2.50
1'19.67 -6.16
1'19.70 -8.87
1'19.86 -7.62
1'19.99 -4.06
1'20.02 0.03
1'20.17 5.38
1'20.24 8.48
1'20.36 9.54
1'20.41 7.09
1'20.51 2.99
1'20.61 -1.95
1'20.79 -5.53
1'20.83 -8.46
1'20.93 -8.16
1'21.02 -5.25
1'21.11 -0.59
1'21.26 4.78
1'21.39 8.74
1'21.48 9.80
1'21.51 7.52
1'21.62 3.70
1'21.79 -0.62
1'21.84 -5.65
1'21.92 -8.44
1'22.08 -7.84
1'22.15 -5.35
1'22.29 -0.40
1'22.36 4.29
1'22.49 8.45
1'22.52 9.19
1'22.67 8.42
1'22.71 4.12
1'22.82 -0.74
1'22.98 -4.76
1'23.06 -7.95
1'23.19 -7.83
1'23.21 -6.22
1'23.40 -0.88
1'23.45 3.68
1'23.51 7.31
1'23.60 9.00
1'23.77 8.62
1'23.86 5.05
1'23.99 0.50
1'24.04 -4.72
1'24.17 -7.58
1'24.20 -8.84
1'24.30 -6.64
1'24.42 -2.22
1'24.54 2.99
1'24.67 7.53
1'24.74 9.33
1'24.88 9.00
1'24.96 5.58
1'25.07 0.82
1'25.11 -4.60
1'25.21 -7.93
1'25.35 -8.40
1'25.42 -6.84
1'25.56 -2.34
1'25.63 2.34
1'25.75 6.91
1'25.87 9.56
1'25.90 8.44
1'26.03 5.73
1'26.13 1.04
1'26.29 -3.25
1'26.34 -7.43
1'26.48 -8.20
1'26.55 -6.92
1'26.60 -3.45
1'26.73 1.86
1'26.86 6.69
1'26.96 9.26
1'27.02 8.85
1'27.11 5.96
1'27.28 2.14
1'27.38 -2.88
1'27.46 -6.87
1'27.50 -8.98
1'27.62 -7.53
1'27.79 -3.12
1'27.90 1.93
1'28.00 6.56
1'28.05 9.00
1'28.16 9.39
1'28.26 6.85
1'28.36 2.48
1'28.47 -2.45
1'28.58 -6.41
1'28.62 -8.73
1'28.75 -7.49
1'28.82 -4.26
1'28.95 0.90
1'29.05 5.64
1'29.11 8.37

1'29.23 -0.67
1'29.39 -3.28
1'29.50 -5.90
1'29.51 -18.39
1'29.69 -8.05
1'29.80 -7.21
1'29.85 -5.77
1'29.96 -2.83
1'30.01 -0.03
1'30.17 3.92
1'30.22 6.27
1'30.34 8.54
1'30.45 9.49
1'30.54 18.97
1'30.60 7.01
1'30.72 4.65
1'30.82 1.49
1'31.00 -1.15
1'31.07 -4.50
1'31.17 -6.80
1'31.21 -8.70
1'31.32 -18.61
1'31.49 -6.77
1'31.53 -5.04
1'31.65 -1.81
1'31.76 1.66
1'31.83 4.58
1'31.98 7.64
1'32.07 9.20
1'32.18 9.84
1'32.24 8.56
1'32.30 16.27
1'32.48 4.23
1'32.53 0.45
1'32.67 -2.53
1'32.73 -5.81
1'32.88 -7.25
1'32.97 -8.30
1'33.08 -17.75
1'33.14 -6.56
1'33.24 -4.04
1'33.36 -0.67
1'33.49 3.03
1'33.54 5.63
1'33.65 8.00
1'33.74 9.25
1'33.82 19.03
1'33.97 8.37
1'34.04 5.79
1'34.19 3.22
1'34.30 -0.05
1'34.30 -4.19
1'34.41 -6.73
1'34.54 -8.15
1'34.69 -8.08
1'34.72 -18.02
1'34.85 -5.71
1'34.93 -3.16
1'35.10 0.84
1'35.12 3.42
1'35.26 6.71
1'35.38 18.94
1'35.42 9.21
1'35.60 9.56
1'35.62 7.20
1'35.74 4.89
1'35.82 1.48
1'35.95 -1.57
1'36.01 -5.08
1'36.16 -16.93
1'36.20 -8.82
1'36.30 -8.83
1'36.42 -7.49
1'36.59 -4.48
1'36.65 -1.88
1'36.72 1.17
1'36.89 5.08
1'36.92 7.02
1'37.04 18.92
1'37.13 9.25
1'37.20 8.24
1'37.34 6.62
1'37.48 4.26
1'37.57 0.81
1'37.63 -2.93
1'37.73 -5.81
1'37.89 -7.23
1'37.98 -8.16
1'38.05 -8.07
1'38.13 -16.67
1'38.20 -4.42
1'38.32 -1.09
1'38.42 2.31
1'38.58 5.98
1'38.61 7.67
1'38.79 9.73
1'38.82 9.10
1'38.99 18.56
1'39.05 5.86

1'39.19 3.23
1'39.25 -0.51
1'39.35 -3.75
1'39.49 -5.94
1'39.52 -8.32
1'39.69 -8.09
1'39.79 -7.29
1'39.84 -5.89
1'39.93 -3.15
1'40.00 99.00
